
strategic_region={
	id=136
	name="STRATEGICREGION_136"
	provinces={
		1223 1229 1243 1272 1276 1287 1303 1309 1312 1331 1360 1363 1375 1382 1391 1402 1418 1662 1680 1694 1749 1818 1864 1879 4232 4238 4250 4277 4281 4309 4333 4337 4340 4369 4389 4492 4595 4661 4670 4674 4685 4850 4867 7233 7298 7317 7326 7335 7350 7357 7383 7407 7425 7429 7708 7741 7874 7890 10140 10161 10168 10179 10202 10211 10218 10220 10235 10239 10268 10275 10277 10284 10292 10295 10308 10312 10508 10584 10610 10630 10633 10653 12111 12115 12121 12139 12143 12152 12170 12177 12185 12194 12198 12229 12257 12266 12285 12385 12427 12487 12564 12594 12616 12619 12635 13151 
	}
	weather={
		
	}
}
