
strategic_region={
	id=151
	name="STRATEGICREGION_151"
	provinces={
<<<<<<< HEAD
		1297 1369 1674 1679 1685 1697 1702 1718 1733 1741 1765 1777 1779 1780 1790 1794 1797 1816 1824 1828 1837 1850 1860 4366 4665 4681 4687 4690 4711 4724 4734 4743 4767 4781 4782 4785 4789 4793 4800 4803 4806 4818 4827 4831 4840 4842 4853 4866 7274 7655 7680 7687 7701 7707 7722 7744 7750 7757 7789 7793 7805 7815 7822 7825 7849 7861 7863 7886 10529 10531 10537 10544 10546 10555 10576 10580 10613 10617 10631 10639 10649 10652 10673 10686 10705 10712 10713 11410 12174 12509 12510 12515 12528 12536 12555 12563 12595 12599 12606 12613 12615 12621 12628 12631 12655 12666 12679 12691 
=======
		1674 1718 1726 1733 1765 1768 1784 1790 1824 1856 1860 4366 4681 4730 4734 4767 4771 4806 4817 4827 4840 4866 7274 7655 7685 7687 7722 7781 7789 7793 7825 7837 7849 7861 7882 10529 10533 10555 10561 10613 10617 10652 10663 10673 10686 10692 12174 12510 12514 12536 12542 12574 12599 12606 12639 12672 12679 
>>>>>>> origin/vse-po-novoy
	}
	weather={
		
	}
<<<<<<< HEAD
}
=======
}
>>>>>>> origin/vse-po-novoy
