<<<<<<< HEAD

=======
>>>>>>> origin/vse-po-novoy
strategic_region={
	id=212
	name="STRATEGICREGION_212"
	provinces={
<<<<<<< HEAD
		602 777 1299 1769 1782 1848 1873 3721 4218 4426 4775 4784 4790 4869 4872 4875 5119 6510 7366 7794 7899 9467 9480 9740 10621 10718 11571 12145 12278 12582 12636 12688 12701 13094 13159 13161 13163 
=======
		1848 1873 2947 3721 4218 4426 4790 4872 5119 5239 6728 7185 7782 8962 9615 10585 10605 10721 12145 12636 12688 13163 13182 13188 13190 13191 
>>>>>>> origin/vse-po-novoy
	}
	weather={
		
	}
<<<<<<< HEAD
}
=======
}
>>>>>>> origin/vse-po-novoy
