<<<<<<< HEAD

=======
>>>>>>> origin/vse-po-novoy
strategic_region={
	id=222
	name="STRATEGICREGION_222"
	provinces={
<<<<<<< HEAD
		761 763 1671 2407 2947 2976 3736 3800 4272 4695 4753 5239 6728 6779 7185 7348 7696 7782 7830 7858 7901 8653 8962 9615 10527 10585 10605 10703 10721 12534 12682 13075 13167 13168 13182 13183 13185 13187 13188 13189 13190 13191 13192 
=======
		2407 2976 4272 7696 7830 7858 7901 8653 10527 10703 13075 13167 13189 13192 
>>>>>>> origin/vse-po-novoy
	}
	weather={
		
	}
}